# Created by Octave 3.8.1, Thu Jun 19 16:04:43 2014 PDT <spann@jqgbkttt>
# name: A
# type: matrix
# rows: 642
# columns: 3
 0.3250523625886525 0.2008934078014185 -1.395379081194111e-08
 -0.3250523625886525 0.2008934078014185 -1.395379081194111e-08
 0.3250523625886525 -0.2008934078014185 -1.395379081194111e-08
 -0.3250523625886525 -0.2008934078014185 -1.395379081194111e-08
 0.2008934078014185 0 0.3250523867554291
 0.2008934078014185 0 -0.3250523765424433
 -0.2008934078014185 0 0.3250523867554291
 -0.2008934078014185 0 -0.3250523765424433
 0 0.3250523625886525 0.200893431968195
 0 -0.3250523625886525 0.200893431968195
 0 0.3250523625886525 -0.2008934217552092
 0 -0.3250523625886525 -0.2008934217552092
 0.3301357783687943 0.1874822109929078 0.04333609508876243
 0.3302251710992908 0.1692275673758865 0.09127198427315951
 0.3235486586879432 0.145871820035461 0.1416153397696135
 0.3091432012411348 0.1180821932624113 0.1910609940249327
 0.2874871356382979 0.08752310726950356 0.2360255755852163
 0.2604995656028369 0.05640917641843971 0.2738159807270603
 0.2308182819148936 0.02678316755319149 0.3033525968618121
 0.3515076932624114 -0.1425851409574468 0.04614154012422338
 0.349833590425532 -0.1195174326241135 0.09669162345755676
 0.339781234929078 -0.09191417730496455 0.1487202511171312
 0.3208458723404256 -0.0612761054964539 0.198293647393727
 0.2944342278368794 -0.02987935815602837 0.2417290605142943
 0.2633852163120567 0 0.2768491199114574
 0.3683000319148936 -0.08963807446808511 0.04834582381216663
 0.3634196081560284 -0.06207949645390071 0.1004467280674858
 0.3488707030141844 -0.0314576640070922 0.1526986278901808
 0.3250523625886525 0 0.200893431968195
 0.2944342278368794 0.02987935815602837 0.2417290605142943
 0.377651960106383 -0.03063807180851064 0.04957342044337228
 0.3683125735815603 0 0.1017990933157128
 0.3488707030141844 0.0314576640070922 0.1526986278901808
 0.3208458723404256 0.0612761054964539 0.198293647393727
 0.377651960106383 0.03063807180851064 0.04957342044337228
 0.3634196081560284 0.06207949645390071 0.1004467280674858
 0.339781234929078 0.09191417730496455 0.1487202511171312
 0.3683000319148936 0.08963807446808511 0.04834582381216663
 0.349833590425532 0.1195174326241135 0.09669162345755676
 0.3515076932624114 0.1425851409574468 0.04614154012422338
 0.3466886817375887 0.1606990434397163 -1.395379081194111e-08
 0.3650879547872341 0.1128183909574468 -1.395379081194111e-08
 0.377640905141844 0.05834871276595745 -1.395379081194111e-08
 0.3821219778368794 0 -1.395379081194111e-08
 0.377640905141844 -0.05834871276595745 -1.395379081194111e-08
 0.3650879547872341 -0.1128183909574468 -1.395379081194111e-08
 0.3466886817375887 -0.1606990434397163 -1.395379081194111e-08
 0.3301357783687943 -0.1874822109929078 -0.04333608487577661
 0.3302251710992908 -0.1692275673758865 -0.09127197406017379
 0.3235486586879432 -0.145871820035461 -0.1416153295566277
 0.3091432012411348 -0.1180821932624113 -0.1910609838119469
 0.2874871356382979 -0.08752310726950356 -0.2360255653722305
 0.2604995656028369 -0.05640917641843971 -0.2738159705140745
 0.2308182819148936 -0.02678316755319149 -0.3033525866488263
 0.3515076932624114 0.1425851409574468 -0.04614152991123761
 0.349833590425532 0.1195174326241135 -0.09669161324457094
 0.339781234929078 0.09191417730496455 -0.1487202409041454
 0.3208458723404256 0.0612761054964539 -0.1982936753013085
 0.2944342278368794 0.02987935815602837 -0.2417290503013086
 0.2633852163120567 0 -0.2768491478190391
 0.3683000319148936 0.08963807446808511 -0.0483458135991809
 0.3634196081560284 0.06207949645390071 -0.1004467178545
 0.3488707030141844 0.0314576640070922 -0.1526986557977625
 0.3250523625886525 0 -0.2008934217552092
 0.2944342278368794 -0.02987935815602837 -0.2417290503013086
 0.377651960106383 0.03063807180851064 -0.04957341023038656
 0.3683125735815603 0 -0.101799083102727
 0.3488707030141844 -0.0314576640070922 -0.1526986557977625
 0.3208458723404256 -0.0612761054964539 -0.1982936753013085
 0.377651960106383 -0.03063807180851064 -0.04957341023038656
 0.3634196081560284 -0.06207949645390071 -0.1004467178545
 0.339781234929078 -0.09191417730496455 -0.1487202409041454
 0.3683000319148936 -0.08963807446808511 -0.0483458135991809
 0.349833590425532 -0.1195174326241135 -0.09669161324457094
 0.3515076932624114 -0.1425851409574468 -0.04614152991123761
 0.3033525726950355 0.2308182819148936 0.02678319171996804
 0.273815994680851 0.2604995656028369 0.05640920058521628
 0.2360255514184397 0.2874871356382979 0.08752309331571276
 0.1910610079787234 0.3091432012411348 0.1180821793086205
 0.1416153156028369 0.3235486586879432 0.1458718060816702
 0.09127199822695035 0.3302251710992908 0.1692275915426631
 0.04333607092198582 0.3301357783687943 0.187482197039117
 0.2172437003546099 0.07465855939716314 0.3053661633511737
 0.1977425904255319 0.1265709955673759 0.3014877768263511
 0.1721256453900709 0.1793582987588652 0.2902078246986915
 0.1414875735815603 0.2289317331560284 0.271272462110039
 0.1081045159574468 0.2716083945035461 0.2460884142376986
 0.07465855939716314 0.3053661773049646 0.2172436864008191
 0.246088390070922 0.1081045159574468 0.2716084186703227
 0.2246056586879432 0.1625262003546099 0.2629728903015283
 0.1961720611702128 0.2156139317375887 0.24707158179089
 0.1625262003546099 0.2629729042553192 0.2246056828547199
 0.1265709955673759 0.3014877526595744 0.1977425764717411
 0.2712724760638298 0.1414875735815603 0.2289317192022376
 0.2470715957446809 0.1961720611702128 0.2156139559043652
 0.2156139317375887 0.2470715957446809 0.196172047216422
 0.1793582987588652 0.2902078386524823 0.1721256314362801
 0.2902078386524823 0.1721256453900709 0.1793582848050744
 0.2629729042553192 0.2246056586879432 0.1625261864008191
 0.2289317331560284 0.2712724760638298 0.1414875977483369
 0.3014877526595744 0.1977425904255319 0.1265709816135851
 0.2716083945035461 0.246088390070922 0.1081045401242234
 0.3053661773049646 0.2172437003546099 0.07465854544337235
 0.3301357783687943 0.1874822109929078 -0.04333608487577661
 0.3302251710992908 0.1692275673758865 -0.09127197406017379
 0.3235486586879432 0.145871820035461 -0.1416153295566277
 0.3091432012411348 0.1180821932624113 -0.1910609838119469
 0.2874871356382979 0.08752310726950356 -0.2360255653722305
 0.2604995656028369 0.05640917641843971 -0.2738159705140745
 0.2308182819148936 0.02678316755319149 -0.3033525866488263
 0.1874822109929078 0.04333607092198582 -0.3301357542020177
 0.1692275673758865 0.09127199822695035 -0.3302251850530816
 0.145871820035461 0.1416153156028369 -0.3235486345211667
 0.1180821932624113 0.1910610079787234 -0.3091431770743582
 0.08752310726950356 0.2360255514184397 -0.2874871495920887
 0.05640917641843971 0.273815994680851 -0.2604995795566277
 0.02678316755319149 0.3033525726950355 -0.2308182958686844
 0.3053661773049646 0.2172437003546099 -0.07465853523038657
 0.2716083945035461 0.246088390070922 -0.1081045299112376
 0.2289317331560284 0.2712724760638298 -0.1414875875353511
 0.1793582987588652 0.2902078386524823 -0.1721256212232944
 0.1265709955673759 0.3014877526595744 -0.1977426043793227
 0.07465855939716314 0.3053661773049646 -0.2172437143084008
 0.3014877526595744 0.1977425904255319 -0.1265709714005993
 0.2629729042553192 0.2246056586879432 -0.1625261761878334
 0.2156139317375887 0.2470715957446809 -0.1961720370034362
 0.1625262003546099 0.2629729042553192 -0.2246056726417341
 0.1081045159574468 0.2716083945035461 -0.2460884040247128
 0.2902078386524823 0.1721256453900709 -0.179358312712656
 0.2470715957446809 0.1961720611702128 -0.2156139456913795
 0.1961720611702128 0.2156139317375887 -0.2470716096984716
 0.1414875735815603 0.2289317331560284 -0.2712724518970532
 0.2712724760638298 0.1414875735815603 -0.2289317089892518
 0.2246056586879432 0.1625262003546099 -0.26297291820911
 0.1721256453900709 0.1793582987588652 -0.2902078144857058
 0.246088390070922 0.1081045159574468 -0.2716084084573369
 0.1977425904255319 0.1265709955673759 -0.3014877666133653
